-5.317860613044039786e-02
-1.072006142473324458e-02
-1.131501771563311540e-02
-1.218816658524027666e-02
-1.297975133354067889e-02
-1.352624688342728490e-02
-1.374248677820143552e-02
-1.360114912441040547e-02
-1.312469499687152208e-02
-1.237652596811819258e-02
-1.145075209032810765e-02
-1.046163929575280940e-02
-9.532507299068949252e-03
-8.782924872320276022e-03
-8.313968576426602336e-03
-8.193285837160474427e-03
-8.443100996594544994e-03
-9.034320118036370806e-03
-9.888738033472496691e-03
-1.088964487965568897e-02
-1.189926074153287508e-02
-1.277986198095051873e-02
-1.341450157586121517e-02
-1.372329063075129404e-02
-1.367242576139087243e-02
-1.327523740813585720e-02
-1.258677769884115547e-02
-1.169481936817624509e-02
-1.070970565409359171e-02
-9.753631832702724935e-03
-8.948415015359752894e-03
-8.401178245341860140e-03
-8.189211050885505938e-03
-8.346923159356305078e-03
-8.858177263359075931e-03
-9.656367351437333130e-03
-1.063300084440294349e-02
-1.165366369026244603e-02
-1.257858485640010043e-02
-1.328385857655403623e-02
-1.367916630656914115e-02
-1.371877759437581043e-02
-1.340453259489774937e-02
-1.278180374226930288e-02
-1.193111221552711418e-02
-1.095812804000734220e-02
-9.983148409832234838e-03
-9.129349450291836948e-03
-8.508955387289216660e-03
-8.208078220683836385e-03
-8.272829410150547846e-03
-8.700032268165073385e-03
-9.435223554043491168e-03
-1.037914042614018414e-02
-1.140204184187370434e-02
-1.236346037283650792e-02
-1.313366038929602783e-02
-1.361259345299621615e-02
-1.374278884198133419e-02
-1.351433505410127439e-02
-1.296239016080200090e-02
-1.215959700579837335e-02
-1.120630168017504660e-02
-1.022017590654718602e-02
-9.324887249467887773e-03
-8.636799548049824832e-03
-8.249960814531519249e-03
-8.221588154234106549e-03
-8.561332454948684251e-03
-9.227279632445902630e-03
