-4.152961554619816198e-01
-8.501993322957981936e-02
-8.920366354449452140e-02
-9.561439430832469055e-02
-1.015450585362466518e-01
-1.057605203330516941e-01
-1.075867848580157049e-01
-1.067635137786797639e-01
-1.034030002712562624e-01
-9.794472252467348317e-02
-9.108832764343199884e-02
-8.370711916130352259e-02
-7.674637487578650497e-02
-7.111111057040858663e-02
-6.755122467920485207e-02
-6.655738264466865006e-02
-6.828474343738649699e-02
-7.252063618111107002e-02
-7.870596689657827216e-02
-8.601041326604444426e-02
-9.345050971470841850e-02
-1.000309908147518079e-01
-1.048850650394381745e-01
-1.073903368220807675e-01
-1.072436005201356790e-01
-1.044876635988370994e-01
-9.949324664797906670e-02
-9.290525289925891106e-02
-8.556358383400303191e-02
-7.840599410660209490e-02
-7.235840180029928792e-02
-6.821984371786718460e-02
-6.655422983968944939e-02
-6.760548952939857137e-02
-7.125302574414960066e-02
-7.701924881115548849e-02
-8.413193620978212661e-02
-9.163313492020097595e-02
-9.851687831203265189e-02
-1.038720506057775050e-01
-1.070063052323324826e-01
-1.075322012370722724e-01
-1.054060837684659413e-01
-1.009205008166104978e-01
-9.465837177128963442e-02
-8.741933701795040479e-02
-8.012656510331217508e-02
-7.371966911343516560e-02
-6.904007970969747165e-02
-6.671966746000251858e-02
-6.708837549729626537e-02
-7.011820150807340779e-02
-7.541705497449721629e-02
-8.227775179063959166e-02
-8.977661926352381583e-02
-9.690608003237527468e-02
-1.027185726027755319e-01
-1.064572664819485870e-01
-1.076529424966738424e-01
-1.061749937009478229e-01
-1.022348979480393050e-01
-9.634896374925638884e-02
-8.927073045499134274e-02
-8.190206426114965410e-02
-7.518905664079988949e-02
-7.000848731616576837e-02
-6.705431861566202301e-02
-6.673892673133829945e-02
-6.912648148025962724e-02
-7.391346995242839557e-02
