-4.945746858833092729e-01
-1.013651715636167960e-01
-1.063201574112606074e-01
-1.139324329674377689e-01
-1.209831497784427667e-01
-1.260032362808378159e-01
-1.281888749584753906e-01
-1.272267518312170942e-01
-1.232466207109931822e-01
-1.167685757185390472e-01
-1.086239231519564585e-01
-9.985184537795976922e-02
-9.157737846918934110e-02
-8.487695101356432237e-02
-8.064152304976868191e-02
-7.945330409137660310e-02
-8.149601945776571710e-02
-8.651734028600968629e-02
-9.385467171188907609e-02
-1.025241806828435798e-01
-1.113602049138817940e-01
-1.191820509723446886e-01
-1.249597564599616017e-01
-1.279516030118864889e-01
-1.277936486889022505e-01
-1.245329407762463259e-01
-1.186074255507259811e-01
-1.107828708961629272e-01
-1.020584953669821104e-01
-9.355043985713387689e-02
-8.636023553049398949e-02
-8.143750811161623582e-02
-7.945160367029990844e-02
-8.069159161204686459e-02
-8.501423438457897386e-02
-9.185344165866285437e-02
-1.002942183181710356e-01
-1.092012852986569138e-01
-1.173815885205404808e-01
-1.237530334489083117e-01
-1.274912954562954504e-01
-1.281326090674410612e-01
-1.256211810156008246e-01
-1.203016475688774567e-01
-1.128656032692555711e-01
-1.042640720557738154e-01
-9.559582354618120781e-02
-8.797888621542443444e-02
-8.241355356857030245e-02
-7.965008524051794825e-02
-8.007968022256783946e-02
-8.366884686775946656e-02
-8.995273964281935708e-02
-9.809339836004990487e-02
-1.069962740282960068e-01
-1.154666880735028822e-01
-1.223797469237370428e-01
-1.268350434008010119e-01
-1.282719860159129976e-01
-1.265314538888086815e-01
-1.218613941398981604e-01
-1.148737280606500211e-01
-1.064642825018129180e-01
-9.770639302165773366e-02
-8.972595884437478686e-02
-8.356557398233466216e-02
-8.004948621446050794e-02
-7.966683051295336826e-02
-8.249340061235069244e-02
-8.816925568525829648e-02
