-3.404191766664237950e-01
-6.960515327597241453e-02
-7.305800885791946531e-02
-7.833247315188565651e-02
-8.320499432842234921e-02
-8.666138079903518143e-02
-8.814997731906551448e-02
-8.746003207470995355e-02
-8.468689093297276926e-02
-8.019357516756589477e-02
-7.455526465742487452e-02
-6.848862631657373634e-02
-6.276922700974810199e-02
-5.814018204864951356e-02
-5.521805258934672778e-02
-5.440689276302596022e-02
-5.583480468310458855e-02
-5.932667596016236167e-02
-6.442148539524653050e-02
-7.043437552588210915e-02
-7.655446207549515547e-02
-8.196197257586723683e-02
-8.594432243697724960e-02
-8.799161475145983458e-02
-8.785759571735216045e-02
-8.558060173757570110e-02
-8.146750051057766173e-02
-7.604887538651244894e-02
-7.001416146900960036e-02
-6.413270210817867412e-02
-5.916457277691983263e-02
-5.576649815833462087e-02
-5.440265697459950589e-02
-5.527423816850221550e-02
-5.828207852388830879e-02
-6.303244098093527259e-02
-6.888839617362665924e-02
-7.505998143383244003e-02
-8.071833962529426088e-02
-8.511400956409143070e-02
-8.767916619774679399e-02
-8.809808358452878019e-02
-8.633810191285337665e-02
-8.264217450756738970e-02
-7.749036308458306932e-02
-7.153929972052625041e-02
-6.554636777004491099e-02
-6.028271208965146899e-02
-5.643966270707045929e-02
-5.453713307177540659e-02
-5.484708254493997348e-02
-5.734669587614385500e-02
-6.171280918099578128e-02
-6.736216387574536779e-02
-7.353298496144908269e-02
-7.939485780586016950e-02
-8.416794565128604688e-02
-8.723096789782536220e-02
-8.820068248701543046e-02
-8.697295191789033986e-02
-8.372437957392217522e-02
-7.888070304178698700e-02
-7.306100335548032509e-02
-6.700525139033550182e-02
-6.148977152938883695e-02
-5.723470447441156295e-02
-5.481083377216050545e-02
-5.455789517706646774e-02
-5.652903971310427322e-02
-6.047420542940165622e-02
