-2.708021302481682380e-01
-5.528463900208535620e-02
-5.805477128548107435e-02
-6.227016845451388560e-02
-6.615741610556782892e-02
-6.890796301425942960e-02
-7.008377083740821578e-02
-6.951983015513296671e-02
-6.729529687973163921e-02
-6.370174557392518921e-02
-5.919840975503018465e-02
-5.435620582784209120e-02
-4.979280683451886569e-02
-4.610062661963636177e-02
-4.377200220378424378e-02
-4.313020536252956671e-02
-4.427805281073313171e-02
-4.707546110667035211e-02
-5.115297597099287275e-02
-5.596157922277800179e-02
-6.085149673314804719e-02
-6.516665012690527059e-02
-6.833808928263160332e-02
-6.996045331317390925e-02
-6.984012251701178509e-02
-6.801084687862123113e-02
-6.471973901518768280e-02
-6.039083641655995649e-02
-5.557354245013332306e-02
-5.088052190518775608e-02
-4.691750580392789471e-02
-4.420866618747480714e-02
-4.312519043977280919e-02
-4.382835619764953450e-02
-4.623897023678930074e-02
-5.004157424317549896e-02
-5.472557971308940339e-02
-5.965786761087968348e-02
-6.417482479897297643e-02
-6.767762541867121395e-02
-6.971423717702052159e-02
-7.003534728920982055e-02
-6.861810188068249994e-02
-6.565893357682769937e-02
-6.154197960975330006e-02
-5.679075011178200127e-02
-5.200839180267866069e-02
-4.780928369863575444e-02
-4.474498130921034100e-02
-4.323103705093987725e-02
-4.348529060177659666e-02
-4.548972845058471548e-02
-4.898551885183873023e-02
-5.350512547484626014e-02
-5.843794275066516164e-02
-6.311888614404143061e-02
-6.692446926022933840e-02
-6.935953863628954719e-02
-7.012058693844934465e-02
-6.912769296639313665e-02
-6.652461039125889819e-02
-6.265254112016768739e-02
-5.800536447104512328e-02
-5.317242512103054208e-02
-4.877209033201690414e-02
-4.537866900189549413e-02
-4.344815479421386406e-02
-4.325250929863493077e-02
-4.483456033972887944e-02
-4.799411963516790613e-02
