-5.790193797805682774e-01
-1.187819056091368175e-01
-1.245563162618028297e-01
-1.334466861106636537e-01
-1.416894346121429227e-01
-1.475664602237987677e-01
-1.501355883947184111e-01
-1.490268540836476308e-01
-1.443883386423128745e-01
-1.368257759344477797e-01
-1.273105625128888030e-01
-1.170584821605558656e-01
-1.073859625176945554e-01
-9.955189150374010865e-02
-9.459731097527263044e-02
-9.320176886054687415e-02
-9.557933085219036395e-02
-1.014354955110456924e-01
-1.099976738108268404e-01
-1.201189082247862139e-01
-1.304398956597669357e-01
-1.395827792597132966e-01
-1.463439661560172744e-01
-1.498546073103729226e-01
-1.496858706418185414e-01
-1.458890514035924846e-01
-1.389734570457858975e-01
-1.298334278258901353e-01
-1.196377839607317695e-01
-1.096926009526159596e-01
-1.012863569566925803e-01
-9.552891727386791931e-02
-9.320175629658472571e-02
-9.464190840955108430e-02
-9.968204563735472146e-02
-1.076620169431334317e-01
-1.175151134111923901e-01
-1.279176045530333594e-01
-1.374775359645944994e-01
-1.449309153602699185e-01
-1.493128577037711180e-01
-1.500781370075752186e-01
-1.471577709116432819e-01
-1.409516201297930649e-01
-1.322668468197618630e-01
-1.222156118653757728e-01
-1.120836533177111405e-01
-1.031789437636516649e-01
-9.667084128367717244e-02
-9.343552866892754216e-02
-9.392931217960942547e-02
-9.811283711318552481e-02
-1.054439232032080564e-01
-1.149456420114018662e-01
-1.253418569263869686e-01
-1.352389983780569183e-01
-1.433235539573292083e-01
-1.485422534108030435e-01
-1.502370553689654775e-01
-1.482182220636227288e-01
-1.427722796376318937e-01
-1.346127829624866878e-01
-1.247869899782889092e-01
-1.145508003457916812e-01
-1.052215506180518845e-01
-9.801831717422132551e-02
-9.390394493986439772e-02
-9.344917110718306552e-02
-9.674211682477107388e-02
-1.033628513455590037e-01
