-8.383576785673043652e-01
-1.686696904813922426e-01
-1.802944241779443901e-01
-1.963442438512155164e-01
-2.104907217992449397e-01
-2.198509406244489317e-01
-2.230216056447721362e-01
-2.197171315957003324e-01
-2.105587292435770475e-01
-1.968201344120758534e-01
-1.801867657742657336e-01
-1.625972526001689955e-01
-1.461364646424497260e-01
-1.328822869428624154e-01
-1.246570073971641768e-01
-1.227273278329454875e-01
-1.275429595059363042e-01
-1.385931007310965413e-01
-1.544257114162044253e-01
-1.728393670267828197e-01
-1.912230302666353965e-01
-2.069850883942178088e-01
-2.179826692199275384e-01
-2.228517698354263166e-01
-2.211614859138830713e-01
-2.133693442506440219e-01
-2.006257240095878358e-01
-1.845369552889297715e-01
-1.669903958363117558e-01
-1.500454071550778590e-01
-1.358009121614192072e-01
-1.261702331762763474e-01
-1.225863147343268511e-01
-1.257221923616563819e-01
-1.353122912612894080e-01
-1.501286858718871575e-01
-1.681306976724877833e-01
-1.867717787548501818e-01
-2.034135561506872358e-01
-2.157644994920474013e-01
-2.222435630300672593e-01
-2.221830903380481725e-01
-2.158323152803281464e-01
-2.041910498934386142e-01
-1.887714047002696516e-01
-1.714020514319690713e-01
-1.541089957647028275e-01
-1.389983628812412331e-01
-1.280559873142931848e-01
-1.228633572888542802e-01
-1.243054379240235985e-01
-1.323602224451593812e-01
-1.460331902714485097e-01
-1.634637026807227445e-01
-1.821959249334004771e-01
-1.995726598487281844e-01
-2.131769669922513044e-01
-2.212237616393381012e-01
-2.228088463221498117e-01
-2.179623831084249175e-01
-2.075181910231264082e-01
-1.928818172958228772e-01
-1.758163069722355476e-01
-1.583075192824708322e-01
-1.424562643202160195e-01
-1.303027132447635572e-01
-1.235581429141751619e-01
-1.233059322968883542e-01
-1.297633613260560370e-01
-1.421759351506000635e-01
