-1.494228029525970891e+00
9.917526150600625146e-02
6.579135492719203823e-03
-1.214476211814142642e-01
-2.537976009048338866e-01
-3.666255966138814992e-01
-4.430527858105591243e-01
-4.760429065003837779e-01
-4.682041558828350936e-01
-4.270855203172831405e-01
-3.587708075729443280e-01
-2.666753795162966068e-01
-1.562276233289743022e-01
-3.844270411914529201e-02
7.098760049563403174e-02
1.551315307149284672e-01
1.994822240484222520e-01
1.949315549546701831e-01
1.398498151358841257e-01
4.112885361109998306e-02
-8.615955367342606475e-02
-2.210188339764453946e-01
-3.409501478803056984e-01
-4.276454479342906012e-01
-4.716223190851977498e-01
-4.733877481135777554e-01
-4.399086559328304058e-01
-3.780552098970756392e-01
-2.915989666539918201e-01
-1.849666627338965030e-01
-6.769626537221865026e-02
4.541650168142853661e-02
1.373887069664367910e-01
1.927930890108063566e-01
2.009376932266564164e-01
1.581786730638563010e-01
6.924557826501290259e-02
-5.270726253353782975e-02
-1.878303290789935798e-01
-3.134835794839100909e-01
-4.097862849994174939e-01
-4.647723883031359970e-01
-4.765924213094247519e-01
-4.511754923591451139e-01
-3.959684607255545274e-01
-3.153770111648216412e-01
-2.131351100299330448e-01
-9.730376711824169356e-02
1.842364350519942739e-02
1.172540789876034134e-01
1.830418364898339922e-01
2.036582209127812682e-01
1.735306796674486451e-01
9.523266711924700811e-02
-2.010565379100805183e-02
-1.540297957849550148e-01
-2.841182194676895589e-01
-3.892550446941600573e-01
-4.551363029411173988e-01
-4.774098505177535312e-01
-4.605440682896172477e-01
-4.122407555997701922e-01
-3.377173181995064000e-01
-2.403650909587657925e-01
-1.268465963758829695e-01
-9.579198516930773066e-03
9.507568990592181468e-02
1.704665193856315653e-01
2.031874065336811142e-01
1.858382912669756248e-01
