-2.362268743998359732e-01
3.258784076922510708e-03
1.610726598365655460e-03
-6.544598930291384287e-03
-1.985399018304384589e-02
-3.651492601176881819e-02
-5.432907752111477279e-02
-7.096441719712368035e-02
-8.425150235564743406e-02
-9.245943264756104063e-02
-9.451598486653212117e-02
-9.014573365058264898e-02
-7.990906272957007395e-02
-6.513532168440042125e-02
-4.775541256980174454e-02
-3.005222436909970457e-02
-1.435981477733557637e-02
-2.751508590264989396e-03
3.239327512425456412e-03
2.825632959046267545e-03
-3.929524202530038091e-03
-1.612559653974544871e-02
-3.214988033282076968e-02
-4.989546825988266238e-02
-6.703996125773492576e-02
-8.134714122218594801e-02
-9.095354852476651708e-02
-9.460589520529050223e-02
-9.182184473847568307e-02
-8.295493265570748342e-02
-6.915421615987299431e-02
-5.222080641992907918e-02
-3.437640149437414666e-02
-1.797179757785780096e-02
-5.173679663886439350e-03
2.326808471516381149e-03
3.541933272317207559e-03
-1.681195368764695774e-03
-1.264381259737445973e-02
-2.789395757033782952e-02
-4.542388961966793010e-02
-6.293702675238656286e-02
-7.814752161506778594e-02
-8.907401871599628096e-02
-9.429222289234509558e-02
-9.311698742072910262e-02
-8.569249334178558053e-02
-7.297849725017217792e-02
-5.663174573738481710e-02
-3.879436515929426954e-02
-2.181412168183305411e-02
-7.932658382865623303e-03
1.015491719772644574e-03
3.850207682545118970e-03
2.036819216903323904e-04
-9.433354268758131767e-03
-2.378218061174661169e-02
-4.095109998591864309e-02
-5.868826842669281479e-02
-7.467674800715237704e-02
-8.683321885508062110e-02
-9.357386480079497859e-02
-9.401642384326135138e-02
-8.809486622536399913e-02
-7.657217592855737609e-02
-6.094738281187113416e-02
-4.326537407046218003e-02
-2.585118229927417521e-02
-1.100237700475636959e-02
-6.812400643452995452e-04
