-1.059933526192665010e+00
-2.122377012207468105e-01
-2.261794280723868900e-01
-2.456525259148142348e-01
-2.629016589048367436e-01
-2.744005816592894886e-01
-2.784124517870883997e-01
-2.745425459203810759e-01
-2.634956180152165928e-01
-2.467912509654872633e-01
-2.264875112282135339e-01
-2.049803338589551993e-01
-1.848476778416130450e-01
-1.686420831996902070e-01
-1.585838332917909321e-01
-1.562033222125629450e-01
-1.620330952842276573e-01
-1.754415864018633586e-01
-1.946623131776904492e-01
-2.170296270039805964e-01
-2.393891276435458071e-01
-2.586102503457259894e-01
-2.720952195211968627e-01
-2.781698990072990485e-01
-2.762706369936062112e-01
-2.669034578859778017e-01
-2.514310168494405806e-01
-2.318057011340948215e-01
-2.103558206439797296e-01
-1.896298678318545372e-01
-1.722113270975698107e-01
-1.604361790757544703e-01
-1.560396045450216373e-01
-1.598259204023561031e-01
-1.714601146666600573e-01
-1.894453896545301719e-01
-2.113085214976722082e-01
-2.339717743964193075e-01
-2.542488095532833281e-01
-2.693655232726801518e-01
-2.773902863932021789e-01
-2.774769192444404009e-01
-2.698787967645204233e-01
-2.557694723592860431e-01
-2.369769620979319535e-01
-2.157512519665977235e-01
-1.946001638256359412e-01
-1.761207412939329586e-01
-1.627425001325557563e-01
-1.563845332683242439e-01
-1.581096505518576056e-01
-1.678778077203835761e-01
-1.844734521338345368e-01
-2.056392091530559463e-01
-2.284054400890718206e-01
-2.495631977603084972e-01
-2.661895345640161725e-01
-2.761108734369291939e-01
-2.781993712600505653e-01
-2.724441276549502966e-01
-2.598124469818889892e-01
-2.419933482676827063e-01
-2.211487454457015112e-01
-1.997357848631036159e-01
-1.803490244630809869e-01
-1.654896222523075666e-01
-1.572384033168715556e-01
-1.569008302387105980e-01
-1.647270654386154276e-01
-1.797911342431759985e-01
