-1.157700951810461731e+00
-4.728773299787997209e-02
-4.820672501523737968e-02
-6.855985860741538318e-02
-1.004703389050723150e-01
-1.381411375861613666e-01
-1.760724295541509221e-01
-2.091575069100857498e-01
-2.330916648843643912e-01
-2.447835140021969724e-01
-2.426785843167908463e-01
-2.269520487940109299e-01
-1.995317704621159816e-01
-1.639141690996938072e-01
-1.247570465310033211e-01
-8.727628531458414551e-02
-5.652315682756538923e-02
-3.665727169351510467e-02
-3.034150712886277829e-02
-3.836593297931367719e-02
-5.956310761242908369e-02
-9.101797513016333940e-02
-1.285183714949186817e-01
-1.671530998758742892e-01
-2.019540289449368309e-01
-2.284969297775792940e-01
-2.434077981042250260e-01
-2.447484903228076547e-01
-2.322619747850784566e-01
-2.074495325465777196e-01
-1.734450485427255773e-01
-1.346648803424469187e-01
-9.624912780856474670e-02
-6.335944721166736349e-02
-4.044118278198035460e-02
-3.057650098232014488e-02
-3.504303222297742992e-02
-5.315356477220904013e-02
-8.239528766266560056e-02
-1.188277611486788787e-01
-1.576539743618492750e-01
-1.938605396037091089e-01
-2.228351474950017730e-01
-2.408997612371374109e-01
-2.457281847156903010e-01
-2.366284972090155203e-01
-2.146655284711352085e-01
-1.825888481865035329e-01
-1.445390641139838173e-01
-1.055370994223661651e-01
-7.080913728407788044e-02
-4.504600748567776786e-02
-3.172184753806658181e-02
-3.259233282129808673e-02
-4.745997263363299634e-02
-7.424007924722669793e-02
-1.093006882416089065e-01
-1.479999337536888893e-01
-1.853184731544956498e-01
-2.164897304832173464e-01
-2.375580817191510763e-01
-2.458272615368388425e-01
-2.401784673398833225e-01
-2.212358632174634410e-01
-1.913464366547595052e-01
-1.543429312244566920e-01
-1.150844279459715680e-01
-7.881469689719927674e-02
-5.042680188148185999e-02
-3.375494699993859121e-02
