-3.824722857817281496e-01
2.129031480766704898e-02
1.478366697276103925e-02
-9.753556660543227785e-03
-4.849664168713696544e-02
-9.623985185361039196e-02
-1.466931180648141653e-01
-1.932586861976509918e-01
-2.298734063281262507e-01
-2.517774131057882725e-01
-2.561151982844838138e-01
-2.423007760029531887e-01
-2.121033817055156256e-01
-1.694376179328193344e-01
-1.198739681740878249e-01
-6.992173150731628706e-02
-2.617170160215376296e-02
5.587066089014186554e-03
2.115125501187556378e-02
1.847308790948273827e-02
-2.067979831119004519e-03
-3.772895358057737347e-02
-8.378728022389836383e-02
-1.341826395600301813e-01
-1.823209339882340962e-01
-2.219302252457035218e-01
-2.478609271368005518e-01
-2.567370195714782088e-01
-2.473855438844568266e-01
-2.209949151775267018e-01
-1.809788333771346625e-01
-1.325532762920657859e-01
-8.206944200537080736e-02
-3.618159943351212382e-02
-9.586832180723259267e-04
1.893607533304964008e-02
2.087790057924077125e-02
4.632199680733500857e-03
-2.762466318340986438e-02
-7.161346531509241164e-02
-1.215374378446364700e-01
-1.708557928426767680e-01
-2.131371206854542621e-01
-2.428829672117599481e-01
-2.562239682468336888e-01
-2.514103628833426196e-01
-2.290413646495069178e-01
-1.920032625017966676e-01
-1.451155613056204496e-01
-9.451890055454076345e-02
-4.687495901565238987e-02
-8.480743390633704859e-03
1.558055252387802181e-02
2.212933716081494362e-02
1.031820576228359432e-02
-1.826266264271461659e-02
-5.981443538037714558e-02
-1.088528030543945979e-01
-1.589441815025280924e-01
-2.035496486700557606e-01
-2.368657708185075428e-01
-2.545607629201319666e-01
-2.543225333015944889e-01
-2.361572218415259605e-01
-2.024014082439835049e-01
-1.574395089418107463e-01
-1.071510730289585989e-01
-5.814920146061564044e-02
-1.690526953159149359e-02
1.112120996410440044e-02
