-1.405251188397177664e+00
-4.435796938407622625e-02
-1.861837659627278013e-02
-2.087650097636113700e-02
-4.671721744205704213e-02
-9.134488579634657268e-02
-1.483892592035257751e-01
-2.103430655625952994e-01
-2.693429841412977033e-01
-3.179757639633960520e-01
-3.500378277030323226e-01
-3.612416165696222259e-01
-3.498243360664127222e-01
-3.169398371493634681e-01
-2.666837891650198356e-01
-2.056569329966209669e-01
-1.420847952538218384e-01
-8.462817489544678662e-02
-4.109541632421122997e-02
-1.729081386549698868e-02
-1.620486274783497493e-02
-3.767833773903550565e-02
-7.856671214615940091e-02
-1.333205008217203669e-01
-1.948186931590619175e-01
-2.552801560944883974e-01
-3.071345330996868017e-01
-3.438179138934789880e-01
-3.605040780265684752e-01
-3.547507044072344962e-01
-3.269619343934808131e-01
-2.805187237373860665e-01
-2.214611941279207852e-01
-1.577108057316597423e-01
-9.794039216201483322e-02
-5.028883188028653722e-02
-2.115399714077949994e-02
-1.428145404903668862e-02
-3.030306714362701603e-02
-6.678011790184239238e-02
-1.186928526921857963e-01
-1.792279451155255054e-01
-2.406847032694597599e-01
-2.953624991804684741e-01
-3.363747656040264045e-01
-3.583957586648520155e-01
-3.583340635852868550e-01
-3.358542593267587195e-01
-2.936040195132353925e-01
-2.370144418027060051e-01
-1.736316059686393853e-01
-1.120588610400083812e-01
-6.068894348849589171e-02
-2.645545584388857979e-02
-1.382995422295561772e-02
-2.423855314303427141e-02
-5.598000747245548275e-02
-1.046147754834502314e-01
-1.636948547232659756e-01
-2.256559280770666365e-01
-2.827180077266199243e-01
-3.277185951447793011e-01
-3.548749556388903215e-01
-3.604800007143643126e-01
-3.434737274367402615e-01
-3.057583602954261348e-01
-2.521138497421900326e-01
-1.896438816468977162e-01
-1.268018453109723276e-01
-7.215500583744417773e-02
