1.236690085156448182e+00
1.539403352600325903e-01
1.455643545983443254e-01
1.392627175956016039e-01
1.331832411979891329e-01
1.280125687335023632e-01
1.246417078755435170e-01
1.236506545854360040e-01
1.251498457469495951e-01
1.287928994785604297e-01
1.338909828023786275e-01
1.395617644457342044e-01
1.448669576082609045e-01
1.489289973520225852e-01
1.510415742347618051e-01
1.507840099653877386e-01
1.481260370755396460e-01
1.434843997040145258e-01
1.376881726372726766e-01
1.318322415548092708e-01
1.270425231912807595e-01
1.242202132904338396e-01
1.238486827448047611e-01
1.259212296216017934e-01
1.299934203325514015e-01
1.353140135097741226e-01
1.409745383306904021e-01
1.460413140240039709e-01
1.496689413749819897e-01
1.512115431367807850e-01
1.503371978852443835e-01
1.471248726259881678e-01
1.421018501116884936e-01
1.361815329054156254e-01
1.304907199534414697e-01
1.261219837412430878e-01
1.238860115936964434e-01
1.241451089384309481e-01
1.267740701605542253e-01
1.312377752375051276e-01
1.367319793850900189e-01
1.423304478431148545e-01
1.471112854841986617e-01
1.502683157706272143e-01
1.512235162666763222e-01
1.497401109592204627e-01
1.460089621805303883e-01
1.406641675971879168e-01
1.346925780802357697e-01
1.292371303777657965e-01
1.253412313488383723e-01
1.237144880891296872e-01
1.245958213759296995e-01
1.277467168324978863e-01
1.325505132658623131e-01
1.381593290125085749e-01
1.436370523037198699e-01
1.480804455779508311e-01
1.507296243499890998e-01
1.510816396697404196e-01
