-1.541929515810511742e+00
-3.088077416739933856e-01
-3.279592944473623817e-01
-3.551276983972265766e-01
-3.793669402913236732e-01
-3.957047199784116120e-01
-4.016488569770675365e-01
-3.965543088612857314e-01
-3.813115829448179284e-01
-3.579916240681024764e-01
-3.294857041574481560e-01
-2.992099025978344207e-01
-2.708430970508044489e-01
-2.480004153019733648e-01
-2.337958068768952735e-01
-2.303546716855930931e-01
-2.384016495459849727e-01
-2.570432938519555677e-01
-2.838181578743805833e-01
-3.150282295839184066e-01
-3.463047310168362314e-01
-3.733064685495323110e-01
-3.924083587236417703e-01
-4.012316554137427271e-01
-3.989078416368565527e-01
-3.860488449380597986e-01
-3.644932890745474774e-01
-3.369679766875091076e-01
-3.067851593921370190e-01
-2.775849025000577397e-01
-2.530346788499826527e-01
-2.364187649835909344e-01
-2.301531616319398843e-01
-2.353422310249150273e-01
-2.515035924697276437e-01
-2.765475756005350005e-01
-3.070403061525758259e-01
-3.387183402477397243e-01
-3.671660438282700056e-01
-3.885210084578972767e-01
-4.000564005581140892e-01
-4.005177067125246237e-01
-3.901636218247206411e-01
-3.705569341519087123e-01
-3.442332115014823390e-01
-3.143830294378430201e-01
-2.845891134330305050e-01
-2.585459460723346092e-01
-2.396777573398006789e-01
-2.306631571718746887e-01
-2.329687425039913551e-01
-2.465217231014801280e-01
-2.696207002790299567e-01
-2.991284270981859894e-01
-3.309297715021057851e-01
-3.605795743308758405e-01
-3.840152673572398978e-01
-3.981834276948913454e-01
-4.014460753673648741e-01
-3.936951214176761527e-01
-3.761962233570772529e-01
-3.512737659811733248e-01
-3.219807491716413228e-01
-2.918255858414100512e-01
-2.645058723149120716e-01
-2.435555181995293639e-01
-2.318858742551149765e-01
-2.313047390628939493e-01
-2.421430407268228002e-01
-2.630996897632150722e-01
