-1.803208477017898437e+00
-3.612666813022220591e-01
-3.832045454187231748e-01
-4.145126396681204639e-01
-4.425231413913381928e-01
-4.614825038744966301e-01
-4.684875281535791913e-01
-4.627532146721428097e-01
-4.452658237298608990e-01
-4.183911599334856346e-01
-3.854694973144165981e-01
-3.504681855395829215e-01
-3.176612645307096416e-01
-2.912375299280932639e-01
-2.747921856900921167e-01
-2.707700934887538047e-01
-2.799986087256177703e-01
-3.014438527001721546e-01
-3.322724479530816399e-01
-3.682339627231966395e-01
-4.043091384849351044e-01
-4.355068028071692465e-01
-4.576480486073553067e-01
-4.679714219682944432e-01
-4.654393757931832853e-01
-4.507163038340293859e-01
-4.258945165678197364e-01
-3.941176379209178071e-01
-3.592294093908855457e-01
-3.254600615703283628e-01
-2.970625729097104983e-01
-2.778322539262483293e-01
-2.705509219743046367e-01
-2.764836085655272280e-01
-2.950687599737795708e-01
-3.238993303131645352e-01
-3.590274334384496724e-01
-3.955547319510096527e-01
-4.284060638178679437e-01
-4.531330427457934684e-01
-4.665779511625673948e-01
-4.672617663730791460e-01
-4.554412270876531110e-01
-4.328855215554031632e-01
-4.025104517521629344e-01
-3.680143700551953279e-01
-3.335611347887124101e-01
-3.034382309030921876e-01
-2.816062931142384596e-01
-2.711523430564005688e-01
-2.737594150825394257e-01
-2.893369088978912096e-01
-3.159232483886701415e-01
-3.499103967375548629e-01
-3.865700393655998601e-01
-4.207941898932687774e-01
-4.479073370398514164e-01
-4.643802528348561776e-01
-4.682959794217620431e-01
-4.594891313851435788e-01
-4.393822951986354752e-01
-4.106406095471818452e-01
-3.767977593254628887e-01
-3.419304217521860201e-01
-3.103323967406732553e-01
-2.860948524062701948e-01
-2.725760678840229989e-01
-2.718533327483494411e-01
-2.843005820354578272e-01
-3.084157390470640969e-01
