-3.352856347951225224e+00
-4.167867251418333474e-02
-1.043855891762830446e-01
-1.753439254723536678e-01
-2.331064332233134806e-01
-2.638097575363556047e-01
-2.581413325503347789e-01
-2.171521234064421879e-01
-1.530188186751446633e-01
-8.499262264033236036e-02
-2.047848969177867851e-02
4.118601756120443547e-02
9.537296509311299353e-02
1.344894457230421114e-01
1.524651820898688115e-01
1.462549999908024922e-01
1.158283848843957298e-01
6.392687004017294505e-02
-4.163805470786652307e-03
-8.085136595458886077e-02
-1.565339940051813095e-01
-2.199481418061688398e-01
-2.588350003965782520e-01
-2.627693358348341945e-01
-2.299122203650805218e-01
-1.698891935203994397e-01
-1.013996565242316628e-01
-3.618589751531353649e-02
2.635163235537851811e-02
8.307084319855406740e-02
1.266139656613622932e-01
1.502833664974587702e-01
1.502510430522963070e-01
1.257436607851414312e-01
7.882059040290245733e-02
1.415944188104045764e-02
-6.118233025219832477e-02
-1.380748828654922988e-01
-2.056514744189519295e-01
-2.517921028758280944e-01
-2.651060479692197713e-01
-2.409642345725779844e-01
-1.863040998060736531e-01
-1.181290456676498124e-01
-5.206629135534956987e-02
1.113150989387245993e-02
6.988851209910951212e-02
1.174205063656812431e-01
1.465274814058443731e-01
1.526054490450972079e-01
1.341347102957739512e-01
9.248555855540230297e-02
3.169847199638864410e-02
-4.174099355282123724e-02
-1.191926512784768910e-01
-1.901942567389356409e-01
-2.428569821813297835e-01
-2.652220513832235227e-01
-2.502400161904014819e-01
-2.020052718234262024e-01
-1.352304815184899311e-01
-6.818907152470110589e-02
-4.395644376719909374e-03
5.596656101391950244e-02
1.070380071794736487e-01
1.413016783439766666e-01
1.533984330382973660e-01
1.410486388046114925e-01
1.049214064828158932e-01
4.840836183973973306e-02
