-9.058227334930029073e-01
-1.679222271848459791e-01
-1.648859558294108185e-01
-1.748966858748115250e-01
-1.927987898552639134e-01
-2.151840691001541683e-01
-2.387950035011044692e-01
-2.604625319718637533e-01
-2.773604902230097369e-01
-2.872988107177803507e-01
-2.889708039282816165e-01
-2.821160389039427119e-01
-2.675724858476625223e-01
-2.471975133980485739e-01
-2.236498743248913623e-01
-2.000474935814602617e-01
-1.795431249700347454e-01
-1.648823031516301607e-01
-1.580158090910851465e-01
-1.598305501089792580e-01
-1.700400732186018726e-01
-1.872456894123076532e-01
-2.091491230666263634e-01
-2.328747720944197852e-01
-2.553485207763767639e-01
-2.736818767800551222e-01
-2.855199736079955253e-01
-2.893238169515277014e-01
-2.845643278318233937e-01
-2.718073798046474754e-01
-2.526702483115843556e-01
-2.296386244441343538e-01
-2.057526646772617762e-01
-1.841980354533995223e-01
-1.678614659186578040e-01
-1.589230158584320207e-01
-1.585523768800864708e-01
-1.667571932777136001e-01
-1.824022043497351420e-01
-2.033872146316577645e-01
-2.269467180778049764e-01
-2.500196285738318647e-01
-2.696364360722173781e-01
-2.832794479750896377e-01
-2.891837376180038111e-01
-2.865551918818744492e-01
-2.756847418131060379e-01
-2.579385327026448294e-01
-2.356098865481583982e-01
-2.116358802147922935e-01
-1.892073345921747585e-01
-1.713266624360061940e-01
-1.603842023448506515e-01
-1.578230170289589840e-01
-1.639462225239703697e-01
-1.778933821834019768e-01
-1.977814282170960725e-01
-2.209783580367630507e-01
-2.444605474424235425e-01
-2.652001349952667342e-01
-2.805354995551961883e-01
-2.884894730027587895e-01
-2.880101015369503359e-01
-2.791127850737850080e-01
-2.629031976483630628e-01
-2.414643911576563329e-01
-2.176056299965623553e-01
-1.944948269598113511e-01
-1.752231652489111002e-01
-1.623699601836983974e-01
