-6.382302954973394504e-01
-1.287103900891438668e-01
-1.381416425876774157e-01
-1.509781155336961667e-01
-1.622196393204806131e-01
-1.695823604641105709e-01
-1.719717558482150577e-01
-1.692007393000047322e-01
-1.618099699987052831e-01
-1.508429597172075698e-01
-1.376380379173149926e-01
-1.237085218957852395e-01
-1.106806102216292276e-01
-1.001895247395994670e-01
-9.368435949438663757e-02
-9.218240063110694216e-02
-9.605278879895201571e-02
-1.048958922488323342e-01
-1.175541984701991560e-01
-1.322629016200823626e-01
-1.469224171164809634e-01
-1.594476851774459525e-01
-1.681217845872132743e-01
-1.718689959862308991e-01
-1.703794462607092774e-01
-1.640626594156532891e-01
-1.538697414304636135e-01
-1.410844925113045045e-01
-1.271841007955624159e-01
-1.137730515614748805e-01
-1.024987847776789307e-01
-9.487894490488679722e-02
-9.206135368341328284e-02
-9.459307128009752930e-02
-1.022712318528655739e-01
-1.141192331240529767e-01
-1.285029630837821180e-01
-1.433758800607818351e-01
-1.566149283450591345e-01
-1.663809745436597987e-01
-1.714196170574661116e-01
-1.712272307083629874e-01
-1.660462330799401531e-01
-1.567126742119307470e-01
-1.444439351223705814e-01
-1.306766725965959330e-01
-1.169888612663038119e-01
-1.050295556956241105e-01
-9.636983290804979063e-02
-9.227341140855399582e-02
-9.345575283582918669e-02
-9.990910697713711874e-02
-1.108449577568960676e-01
-1.247752557186792566e-01
-1.397277535555730421e-01
-1.535643555173947794e-01
-1.643429668136185962e-01
-1.706411690934053760e-01
-1.717612955105506378e-01
-1.677687846399925076e-01
-1.593708303983159547e-01
-1.477081359885145107e-01
-1.341724694556845066e-01
-1.203114419236685495e-01
-1.077664128033561375e-01
-9.814716830987590956e-02
-9.281784367024104032e-02
-9.265107286164880884e-02
-9.783047500123215334e-02
-1.077606636053165534e-01
