-5.368717472589568107e-01
-9.329623369890564788e-02
-9.192754143575905534e-02
-9.760736825141647088e-02
-1.074617856571401936e-01
-1.195936834053552278e-01
-1.322255814695852127e-01
-1.436559574225259039e-01
-1.523900265284096334e-01
-1.572921782283200620e-01
-1.577136727440331121e-01
-1.535744069922387045e-01
-1.453841717983215820e-01
-1.341924250060108903e-01
-1.214631885056410288e-01
-1.088847037064710616e-01
-9.813828695086922183e-02
-9.066214483324526452e-02
-8.744885647795710981e-02
-8.890960331910988113e-02
-9.482533783739584277e-02
-1.043888438203357943e-01
-1.163259586657604261e-01
-1.290726691605990628e-01
-1.409796198537710543e-01
-1.505170788779763014e-01
-1.564588331892020900e-01
-1.580296880452241870e-01
-1.550046161063806660e-01
-1.477481898243564462e-01
-1.371837446096456359e-01
-1.246870357776493632e-01
-1.119106268973928675e-01
-1.005599712439099597e-01
-9.215484355210931677e-02
-8.781493061617899609e-02
-8.810487630146376925e-02
-9.296267716092430911e-02
-1.017195441165133496e-01
-1.132031510668007335e-01
-1.259033539980535799e-01
-1.381725173194764678e-01
-1.484326389136756408e-01
-1.553661631642154206e-01
-1.580737698608610520e-01
-1.561866713506530890e-01
-1.499220438325545579e-01
-1.400705535919025690e-01
-1.279088752752204627e-01
-1.150399800742118034e-01
-1.031785749709860922e-01
-9.391258220077743080e-02
-8.847910727222575711e-02
-8.759182160560344266e-02
-9.134710605691544194e-02
-9.922119868606328608e-02
-1.101541396945491663e-01
-1.227023349387447726e-01
-1.352329419201233063e-01
-1.461316990820541728e-01
-1.539996262347921585e-01
-1.578203410788359684e-01
-1.570848001822206241e-01
-1.518620181108243095e-01
-1.428045007027728130e-01
-1.310797334412297233e-01
-1.182275022543954057e-01
-1.059566252487340876e-01
-9.590894786736883781e-02
-8.942802769302320154e-02
