-1.389871625453935167e+00
-6.789177010390254341e-02
-8.443450419510251104e-02
-1.204762089989840357e-01
-1.657771647213246158e-01
-2.128693884532115721e-01
-2.551577493770903482e-01
-2.871068662437776253e-01
-3.046755636375036436e-01
-3.056646380286839326e-01
-2.899122683119673693e-01
-2.593215679261152706e-01
-2.176957147282592153e-01
-1.703474512277635133e-01
-1.234749412715025890e-01
-8.335221150475602414e-02
-5.544338895936620770e-02
-4.358945267462393386e-02
-4.941880953163466095e-02
-7.209750970029857320e-02
-1.084699843903109001e-01
-1.535603117913330040e-01
-2.013288230525609457e-01
-2.455320509628540204e-01
-2.805339666658225872e-01
-3.019614823935332093e-01
-3.071616073964352212e-01
-2.954654599642022594e-01
-2.682709205301810895e-01
-2.289340037414221707e-01
-1.824392473998410480e-01
-1.348328595331876878e-01
-9.245177044244001774e-02
-6.104400574578028316e-02
-4.492249690259499800e-02
-4.630676976358978625e-02
-6.498050472472942374e-02
-9.833415502878534165e-02
-1.417833048141964036e-01
-1.894745885353733006e-01
-2.351349484294232850e-01
-2.729074677097071411e-01
-2.980523252679557200e-01
-3.074543090619619723e-01
-2.999335463589944961e-01
-2.763733613295044633e-01
-2.396618663265766558e-01
-1.944203491238920833e-01
-1.464950251630007250e-01
-1.022305292055435966e-01
-6.760546827255704827e-02
-4.736319505253023393e-02
-4.429285410170114012e-02
-5.879872466360191313e-02
-8.884419452261937966e-02
-1.302815525436034072e-01
-1.774979639875977344e-01
-2.242439574062722873e-01
-2.644860972786794995e-01
-2.931497555059711657e-01
-3.066769985900765771e-01
-3.033850911176410037e-01
-2.836394037635216470e-01
-2.498433812490463701e-01
-2.062232679060266582e-01
-1.583795010190948427e-01
-1.126097073998790221e-01
-7.506792205124655781e-02
-5.088221470279045283e-02
-4.338390497605920659e-02
