-1.294122161513902913e+00
-2.591017700729301154e-01
-2.755861000403893035e-01
-2.988065800797706784e-01
-3.194557869483888313e-01
-3.333044264659523748e-01
-3.382494824639414865e-01
-3.337762069320624470e-01
-3.206812815792828841e-01
-3.007534138218276309e-01
-2.764561929595408252e-01
-2.506815439105187782e-01
-2.265425928249281684e-01
-2.071086562888426741e-01
-1.950350352971893519e-01
-1.921420594144039873e-01
-1.990559712482573573e-01
-2.150174362715598919e-01
-2.379207852202493978e-01
-2.645965405808312632e-01
-2.912979195319470582e-01
-3.143043655919856016e-01
-3.305182717931167691e-01
-3.379236936006126957e-01
-3.358103081604744133e-01
-3.247373046334940394e-01
-3.062999611851477955e-01
-2.828277441157768246e-01
-2.571274257577463862e-01
-2.322781081683542581e-01
-2.113903689241082295e-01
-1.972616821284393085e-01
-1.919588952795653336e-01
-1.964326399928367772e-01
-2.102760229620759258e-01
-2.317029017111411626e-01
-2.577711994672290396e-01
-2.848246931045989028e-01
-3.090777813510788841e-01
-3.272265895102178801e-01
-3.369533663823615077e-01
-3.372148137897192921e-01
-3.282686034377598761e-01
-3.114788930074712248e-01
-2.890184243910304263e-01
-2.635946649928436747e-01
-2.382379538526104845e-01
-2.160788947357940026e-01
-2.000309710344106984e-01
-1.923831840585311648e-01
-1.943951992805040829e-01
-2.060110178053848884e-01
-2.257779927951281129e-01
-2.510093099493665436e-01
-2.781763914180039876e-01
-3.034675029495170762e-01
-3.234047062834183306e-01
-3.353868681682063979e-01
-3.380393496852801549e-01
-3.313057006037773977e-01
-3.162997763142125773e-01
-2.950203883933549820e-01
-2.700629784129389144e-01
-2.443957527835902699e-01
-2.211494975224463921e-01
-2.033277339999121081e-01
-1.934156733614240675e-01
-1.929636189191472617e-01
-2.022611469858960342e-01
-2.201992447595310098e-01
