-4.357783267599732446e-01
-9.179830499798991017e-02
-9.965400271216195982e-02
-1.100481125404503824e-01
-1.190636853392513794e-01
-1.248867700891174715e-01
-1.266652911294255390e-01
-1.243039772883096639e-01
-1.183060386968932121e-01
-1.095536169638411383e-01
-9.910729636149945287e-02
-8.811889856781773833e-02
-7.782508353647793475e-02
-6.949861134427526288e-02
-6.429761309821596660e-02
-6.305756788149402547e-02
-6.610463634028623803e-02
-7.314775874988760362e-02
-8.327726786520073254e-02
-9.507722915811017694e-02
-1.068418165338484438e-01
-1.168645912127739828e-01
-1.237420755357042101e-01
-1.266141062500905079e-01
-1.252731062195435174e-01
-1.201137937093028629e-01
-1.119533937707120064e-01
-1.018240135940867708e-01
-9.085717825483680121e-02
-8.026920368629847369e-02
-7.133377956027903144e-02
-6.525603448570183041e-02
-6.297152670855427070e-02
-6.494762677469356760e-02
-7.105225496124134565e-02
-8.052448828446406859e-02
-9.205860484903594099e-02
-1.039963467552809107e-01
-1.146023389287294525e-01
-1.223709832865070846e-01
-1.262899794601939907e-01
-1.259869797459616803e-01
-1.217190040194824907e-01
-1.142182686462984154e-01
-1.044789282152169263e-01
-9.361148047819967122e-02
-8.281079695218968029e-02
-7.334375389990299698e-02
-6.644973430738598807e-02
-6.315175745402407115e-02
-6.405002693521705259e-02
-6.916944856448470347e-02
-7.790296599129165056e-02
-8.906706330034325214e-02
-1.010684364991973339e-01
-1.121623283741266519e-01
-1.207579254834837967e-01
-1.257002515916246232e-01
-1.264515695463081513e-01
-1.231212329321429988e-01
-1.163424689122210531e-01
-1.070621482820950932e-01
-9.636836458302605601e-02
-8.543442203444356897e-02
-7.551415732354749277e-02
-6.786899482919306337e-02
-6.359612508732948033e-02
-6.341881789323700058e-02
-6.751530343204414919e-02
-7.543581372214153147e-02
