-1.263111854605803996e-01
-8.994135134618230776e-02
-1.211284479308550877e-01
-1.538397732417314812e-01
-1.767006996398562402e-01
-1.841434863188562421e-01
-1.754688215408285457e-01
-1.542680409392221952e-01
-1.261651086347010953e-01
-9.549569246303324377e-02
-6.534215649788599478e-02
-3.966962065875534460e-02
-2.322223650494303904e-02
-1.990754689233742436e-02
-3.143088203486199550e-02
-5.659322126199883840e-02
-9.117953516132570879e-02
-1.284494391330043284e-01
-1.604136015468092813e-01
-1.799879833566422338e-01
-1.833457139829570703e-01
-1.710848058045866260e-01
-1.476422781227174630e-01
-1.185857711356644861e-01
-8.775682125174799619e-02
-5.830722416005729158e-02
-3.450525252794345299e-02
-2.104503071362684441e-02
-2.138555822251675398e-02
-3.654803598736111603e-02
-6.456932377208057794e-02
-1.005320460388885451e-01
-1.372294815008671121e-01
-1.666687751778129778e-01
-1.823828712420954012e-01
-1.816091086844249247e-01
-1.660312528304696000e-01
-1.407085262296455808e-01
-1.109256686807744696e-01
-8.011706940477647532e-02
-5.163670561753608279e-02
-3.000177456070318716e-02
-1.974679790449740402e-02
-2.380727947662442112e-02
-4.248659643626950810e-02
-7.305843286756319443e-02
-1.099422613432190499e-01
-1.455573240540997126e-01
-1.720558862309339299e-01
-1.837323814565147151e-01
-1.789347897532674869e-01
-1.603714399834946791e-01
-1.335103366455451246e-01
-1.031998473328695765e-01
-7.261254988695253765e-02
-4.539008925207110856e-02
-2.621384324937836574e-02
-1.935331669401296750e-02
-2.715616265556641817e-02
-4.918325512446208858e-02
