7.061231290763216872e-01
1.164884921744876456e-01
8.433467808217498529e-02
4.637448830324963911e-02
1.220163629606152433e-02
-1.056820166316430054e-02
-1.677467317653191792e-02
-6.096704594190205384e-03
1.649226781183843471e-02
4.307423210422278714e-02
6.976319491392146688e-02
9.738820677607762377e-02
1.253391108532964093e-01
1.504267319300074401e-01
1.687799288045919166e-01
1.771843551203128309e-01
1.736687952595635798e-01
1.577703998342988578e-01
1.306806642944512431e-01
9.532904412362486202e-02
5.640358009567392195e-02
2.019967116625709380e-02
-6.144454196298720916e-03
-1.677738798309325041e-02
-1.007026887212880695e-02
1.024442068949582563e-02
3.645675218935506834e-02
6.309817030931408333e-02
9.040679784275318376e-02
1.184931983706081216e-01
1.446563329518415486e-01
1.650305256387605279e-01
1.761608565749052113e-01
1.757322830845127193e-01
1.628875279940492637e-01
1.383939169262854429e-01
1.047404106698303083e-01
6.617764431750516874e-02
2.863365183629251742e-02
-8.281903251328159854e-04
-1.575159020918781572e-02
-1.323793316539245701e-02
4.295209040412029111e-03
2.977890534381089083e-02
5.644266785713680790e-02
8.346242434745265726e-02
1.115118126954355304e-01
1.385061996926719718e-01
1.606849784825929994e-01
1.743962060457068253e-01
1.770002872811070604e-01
1.672558383853570696e-01
1.455123798383208822e-01
1.138219122522780014e-01
7.599470744902148134e-02
3.756209939403276632e-02
5.405642435793778233e-03
-1.361416924698288788e-02
-1.544534348745396635e-02
-1.154940456161934748e-03
2.313498109599287922e-02
4.980858338603710855e-02
7.660559841367642342e-02
1.044787770926520754e-01
1.320600853819574594e-01
1.558102001004755266e-01
1.719339499257432902e-01
1.774899204623547888e-01
1.708644670600860671e-01
1.519964332372339966e-01
