-1.344336817643815607e+02
-1.349757068726215437e+01
-4.680475120225219499e+00
2.958301544248371329e+00
8.334097468280672771e+00
1.024420157338708748e+01
8.610887231806783504e+00
5.488212136698242816e+00
4.737937185986712763e+00
8.200712045482987378e+00
1.064985677597558578e+01
9.517097701539324106e+00
4.727255326824018056e+00
-2.962529598533151898e+00
-1.060573368999062183e+01
-1.602351741421040998e+01
-1.819569137083971455e+01
-1.691966201423260685e+01
-1.260544951832953586e+01
-6.186662681416130738e+00
8.969595565180572549e-01
6.814432209111416228e+00
9.822790141476438919e+00
9.214757894615999589e+00
6.375083025780833523e+00
4.865323351806842389e+00
7.707826454929809223e+00
1.112602663399560221e+01
1.089477705682592656e+01
7.090220510398520304e+00
-1.346771639387185360e-01
-8.052672148210461955e+00
-1.415969378040455240e+01
-1.719230771693693782e+01
-1.679185225763729505e+01
-1.326151403104254101e+01
-7.435989825199332159e+00
-6.217416003660467538e-01
5.502646743111821337e+00
9.214487027163801969e+00
9.496891929556806389e+00
7.112267534452772821e+00
5.094062995847264297e+00
7.025380374683193985e+00
1.106563810238184331e+01
1.174700832809046069e+01
8.869773563057407273e+00
2.276783779572895128e+00
-5.789993740845780223e+00
-1.254970564324863602e+01
-1.646245515564363160e+01
-1.697698092999164032e+01
-1.424524298957344115e+01
-8.965725943436616774e+00
-2.317427935149359186e+00
4.107119744532594652e+00
8.549149421032439022e+00
9.717878084148427575e+00
7.832823055345446761e+00
5.395584267561774894e+00
6.212426913190093103e+00
1.040013759796095805e+01
1.207728495232598220e+01
1.010543426743370787e+01
4.333597579930916766e+00
-3.674664619246144071e+00
-1.096351924984758597e+01
-1.568580083454016716e+01
-1.707730833548472660e+01
-1.513311163250335767e+01
