-9.691346248831501919e-02
-1.963266560464335675e-02
-2.067409384032137948e-02
-2.222623994731470071e-02
-2.364369080014866453e-02
-2.463275603245741047e-02
-2.503784112239035992e-02
-2.480513293692802185e-02
-2.396985570962262280e-02
-2.264236379340672095e-02
-2.099076529672024016e-02
-1.922135476501618534e-02
-1.755700337196797883e-02
-1.621272910403573353e-02
-1.536892434453286660e-02
-1.514532145910966326e-02
-1.558069464474731713e-02
-1.662330605281843454e-02
-1.813528317021103481e-02
-1.991129673536543021e-02
-2.170877097935812461e-02
-2.328428579665044185e-02
-2.442934757475418578e-02
-2.499892314585838715e-02
-2.492813582953785911e-02
-2.423578562217917898e-02
-2.301671545238477556e-02
-2.142701387980174704e-02
-1.966558073168979404e-02
-1.795336243016597971e-02
-1.650977809423836290e-02
-1.552639526727642161e-02
-1.514030711045209060e-02
-1.541190055579727547e-02
-1.631222248296836097e-02
-1.772371394516328302e-02
-1.945545304659321295e-02
-2.127089187529444120e-02
-2.292331767907446888e-02
-2.419244076726149995e-02
-2.491527599828920886e-02
-2.500606469436900819e-02
-2.446301903506604980e-02
-2.336314380251054701e-02
-2.184883697176197986e-02
-2.011014493421772742e-02
-1.836458684732438645e-02
-1.683434251664233522e-02
-1.572049381576555438e-02
-1.517610191144559695e-02
-1.528237378691679055e-02
-1.603319004187033631e-02
-1.733227487378649623e-02
-1.900487590906473068e-02
-2.082272863984736821e-02
-2.253815654255549722e-02
-2.392103951215279745e-02
-2.479170626047585979e-02
-2.504394012452688945e-02
-2.465503061918645350e-02
-2.368329244911633602e-02
-2.225632047339079489e-02
-2.055405240386126708e-02
-1.878915949194934210e-02
-1.718496429117254143e-02
-1.595035753274146040e-02
-1.525284959925685135e-02
-1.519347556730541587e-02
-1.578875997366495365e-02
-1.696444269922933040e-02
