1.462865402000000127e-02
1.324099451451102652e-02
1.221956327957800237e-02
1.153699733502175882e-02
1.116593370066313630e-02
1.107900939632297174e-02
1.124886144182209863e-02
1.164812685698135911e-02
1.224944266162157971e-02
1.302544587556360781e-02
1.394877351862827165e-02
1.499206261063641341e-02
1.612795017140886827e-02
1.732907322076647494e-02
1.856891704955929145e-02
1.983082809935211507e-02
2.110451484442895168e-02
2.237979179295243246e-02
2.364647345308520249e-02
2.489437433298991031e-02
2.611330894082919407e-02
2.729309178476570577e-02
2.842353737296207661e-02
2.949446021358096207e-02
3.049567481478500375e-02
3.141699568473683285e-02
3.224823733159910832e-02
3.297934129168680895e-02
3.360787079045520626e-02
3.414320267152703980e-02
3.459573000374377427e-02
3.497584585594683271e-02
3.529394329697767285e-02
3.556041539567772469e-02
3.578565522088845985e-02
3.598005584145130137e-02
3.615401032620770005e-02
3.631791174399911365e-02
3.648215316366697908e-02
3.665712765405274021e-02
3.685322828399783396e-02
