2.000000000000000042e-02
1.806847631446249422e-02
1.657234151569999744e-02
1.547924999048749632e-02
1.475685612559999964e-02
1.437281430781250230e-02
1.429477892389999921e-02
1.449040436063750437e-02
1.492734500480000226e-02
1.557325524316250168e-02
1.639578946250000099e-02
1.736260204958749859e-02
1.844134739120000671e-02
1.959967987411250293e-02
2.080631495280000492e-02
2.204230299375000215e-02
2.329665237120000232e-02
2.455850409285000729e-02
2.581699916640000508e-02
2.706127859955000450e-02
2.828048339999999702e-02
2.946375457545000187e-02
3.060023313360000011e-02
3.167906008215000402e-02
3.268937642880000161e-02
3.362032318125000169e-02
3.446104134720000267e-02
3.520081357283107865e-02
3.583742081318880279e-02
3.638181640205872397e-02
3.684608678107499646e-02
3.724231839187176762e-02
3.758259767608319868e-02
3.787901107534341616e-02
3.814364503128659517e-02
3.838858598554686918e-02
3.862592037975838555e-02
3.886773465555533325e-02
3.912611525457179718e-02
3.941314861844198020e-02
3.974092118880000191e-02
