9.166280220000001464e-03
8.259660772092043343e-03
7.512652321345880332e-03
6.914654915948060566e-03
6.455068604085146926e-03
6.123293433943692750e-03
5.908729453710253113e-03
5.800776711571388293e-03
5.788835255713649895e-03
5.862305134323594728e-03
6.010586395587782203e-03
6.223079087692765660e-03
6.489183258825102774e-03
6.798298957171347752e-03
7.140447684654624948e-03
7.512875342885603179e-03
7.917488736499191798e-03
8.356272351847365137e-03
8.831210675282101866e-03
9.344288193155369376e-03
9.897489391819147206e-03
1.049279875762541489e-02
1.113220077692613982e-02
1.181767993607330154e-02
1.255122072141887785e-02
1.333480761931483440e-02
1.417042511611315593e-02
1.505997218553906808e-02
1.600021704371279788e-02
1.697997523246684570e-02
1.798737819261971363e-02
1.901055736498988985e-02
2.003764419039588685e-02
2.105677010965619281e-02
2.205606656358930981e-02
2.302366499301372951e-02
2.394769683874795746e-02
2.481629354161049919e-02
2.561758654241983943e-02
2.633970728199448372e-02
2.697078720115292372e-02
