1.000000000000000036e-10
2.500000009750000252e-02
5.000000009500000370e-02
7.500000009250000488e-02
1.000000000899999991e-01
1.250000000875000072e-01
1.500000000850000292e-01
1.750000000825000235e-01
2.000000000800000177e-01
2.250000000775000120e-01
2.500000000750000062e-01
2.750000000725000282e-01
3.000000000700000502e-01
3.250000000675000167e-01
3.500000000650000387e-01
3.750000000625000052e-01
4.000000000600000272e-01
4.250000000575000492e-01
4.500000000550000157e-01
4.750000000525000377e-01
5.000000000500000041e-01
5.250000000475000261e-01
5.500000000450000481e-01
5.750000000425000701e-01
6.000000000400000921e-01
6.250000000375000031e-01
6.500000000350000251e-01
6.750000000325000471e-01
7.000000000300000691e-01
7.250000000275000911e-01
7.500000000250000021e-01
7.750000000225000241e-01
8.000000000200000461e-01
8.250000000175000681e-01
8.500000000150000901e-01
8.750000000125000010e-01
9.000000000100000230e-01
9.250000000075000450e-01
9.500000000050000670e-01
9.750000000025000890e-01
1.000000000000000000e+00
