-5.177661048071865446e-01
-9.211636104155164484e-02
-9.066940641401213807e-02
-9.626918222512653722e-02
-1.060687599304032114e-01
-1.181891393968238224e-01
-1.308596625083295051e-01
-1.423779866685175866e-01
-1.512420550027516741e-01
-1.563028005593042613e-01
-1.568924266042488469e-01
-1.529080784885308020e-01
-1.448366248188710792e-01
-1.337088967672083184e-01
-1.209786311994091312e-01
-1.083343882786760165e-01
-9.746818801741050087e-02
-8.983682939105944176e-02
-8.645550518586483935e-02
-8.775797125628230499e-02
-9.354448917392399476e-02
-1.030220348738616482e-01
-1.149249866721539365e-01
-1.276924751545054082e-01
-1.396732033675273932e-01
-1.493303255581600320e-01
-1.554249760466519803e-01
-1.571638145060291758e-01
-1.542995197038365407e-01
-1.471732823639798626e-01
-1.366882667461991607e-01
-1.242075355219126043e-01
-1.113812329038917359e-01
-9.992307585078477605e-02
-9.136979008143540637e-02
-8.686306730217750738e-02
-8.699048660185093595e-02
-9.171040297421254039e-02
-1.003695949065288306e-01
-1.118056863897033681e-01
-1.245129889923294597e-01
-1.368431888512851302e-01
-1.472124965712432454e-01
-1.542921194751728786e-01
-1.571659054746160633e-01
-1.554435925746472935e-01
-1.493188774839193100e-01
-1.395610270188810398e-01
-1.274318205386549274e-01
-1.145290948711746859e-01
-1.025732569165075658e-01
-9.316730369576499415e-02
-8.756947132033554571e-02
-8.651650315303714700e-02
-9.012604788244714393e-02
-9.789123659678850009e-02
-1.087634792730625410e-01
-1.213049732332538294e-01
-1.338834605893903518e-01
-1.448801923212540421e-01
-1.528863495296519104e-01
-1.568700846945703664e-01
-1.563018624009508695e-01
-1.512273792028578645e-01
-1.422767965369303722e-01
-1.306006968926566036e-01
-1.177311000833399790e-01
-1.053798570095557385e-01
-9.520179769781852985e-02
-8.856047170601949459e-02
