-2.465848467033729952e-01
-4.292519769532530949e-02
-4.234148471538456970e-02
-4.502794969498650351e-02
-4.964192783250173657e-02
-5.529642230878731302e-02
-6.116459422659260847e-02
-6.645984284944528309e-02
-7.049454247816394625e-02
-7.274759627024840469e-02
-7.292106892672600704e-02
-7.097758383333356569e-02
-6.715195448531446898e-02
-6.193069838679898798e-02
-5.599597351061472161e-02
-5.013715847371838508e-02
-4.514148117011093642e-02
-4.168140346620925751e-02
-4.021814878307104768e-02
-4.093780749017939674e-02
-4.372979611694270685e-02
-4.820914526389934868e-02
-5.377615174610502619e-02
-5.970122475893099162e-02
-6.522054010589553585e-02
-6.962960894726455408e-02
-7.236552623967411335e-02
-7.307244952271584049e-02
-7.164644429548572280e-02
-6.825503207192419597e-02
-6.332561073622820780e-02
-5.749846404592036386e-02
-5.154574525879742491e-02
-4.626588769462703504e-02
-4.236997309619841556e-02
-4.037948613432554290e-02
-4.055304667757345105e-02
-4.285380141964052758e-02
-4.696107025480579511e-02
-5.232162218452648256e-02
-5.822955366754047069e-02
-6.392055718172773293e-02
-6.866704149969189708e-02
-7.186384542650645080e-02
-7.309828456511741068e-02
-7.220053253892649847e-02
-6.927001930058077073e-02
-6.467215997467301580e-02
-5.900039123879965292e-02
-5.300307816817456663e-02
-4.748275907081379171e-02
-4.318272666659529746e-02
-4.068013561840026771e-02
-4.030410951765244637e-02
-4.209229687317662949e-02
-4.579158154556730448e-02
-5.090028042815165910e-02
-5.674214500184461552e-02
-6.255838587524359395e-02
-6.760369843726161954e-02
-7.123506058878946445e-02
-7.298611158370588159e-02
-7.262280615239541381e-02
-7.017629597545280151e-02
-6.594764228340260770e-02
-6.047880743946655591e-02
-5.448798452722278945e-02
-4.877461720268124606e-02
-4.410741524592368124e-02
-4.111399806828631293e-02
