-3.887419659412014172e-01
-6.643180965741442290e-02
-6.553803701298685502e-02
-6.963004577429211805e-02
-7.665667107062879015e-02
-8.526225925670730121e-02
-9.418420180305910050e-02
-1.022204155755344762e-01
-1.083202436356831139e-01
-1.116905176884042394e-01
-1.118842460112421944e-01
-1.088571676132518290e-01
-1.029817984529778074e-01
-9.501091067504868759e-02
-8.598781069585853531e-02
-7.711032954412472273e-02
-6.956623102931631941e-02
-6.436581746558987793e-02
-6.219939466392072902e-02
-6.334294994544016622e-02
-6.762599059032113613e-02
-7.446383851760002281e-02
-8.294554632499223645e-02
-9.196050180500307814e-02
-1.003433607440622904e-01
-1.070182991368761743e-01
-1.111277120202524143e-01
-1.121350192547972968e-01
-1.098935033787351995e-01
-1.046732046809563249e-01
-9.713816971738208073e-02
-8.827007743810154350e-02
-7.924266290192054363e-02
-7.126212226046636788e-02
-6.539780572488207433e-02
-6.243100044946506277e-02
-6.274681060818315670e-02
-6.628576255924530092e-02
-7.256040728699052200e-02
-8.073066348733831665e-02
-8.972261601790981755e-02
-9.837076174329921485e-02
-1.055640181135817229e-01
-1.103794315935868048e-01
-1.121922548161654598e-01
-1.107540060284410988e-01
-1.062306191515575149e-01
-9.919270468005456087e-02
-9.055256716970726261e-02
-8.144993242447821913e-02
-7.309885697474517718e-02
-6.661827455179543389e-02
-6.287369172398700468e-02
-6.235633245360563959e-02
-6.511884938383048771e-02
-7.077583537853335272e-02
-7.856562209618671300e-02
-8.745999502711052087e-02
-9.630250743649811096e-02
-1.039552341020192477e-01
-1.094367924543175746e-01
-1.120391800339950450e-01
-1.114145672775847251e-01
-1.076241898178319362e-01
-1.011412629803259411e-01
-9.280149886133066961e-02
-8.370090075849229150e-02
-7.505063967860717278e-02
-6.800917670941851456e-02
-6.351856007336410814e-02
