-1.484947562063289039e-01
-3.018219432466816982e-02
-3.174179211067822137e-02
-3.408811665851471662e-02
-3.624028226775005690e-02
-3.775157833037602606e-02
-3.838292218177552506e-02
-3.804820721304275066e-02
-3.679648607666734239e-02
-3.479250385026672054e-02
-3.229107942287698374e-02
-2.960680507429135078e-02
-2.707976903674394475e-02
-2.503717121032431048e-02
-2.375232514138901629e-02
-2.340574741376792028e-02
-2.405541277370661091e-02
-2.562318217668578535e-02
-2.790183246857946830e-02
-3.058308003000881348e-02
-3.330246381239079095e-02
-3.569328092185632822e-02
-3.743971485504586638e-02
-3.831967529861407540e-02
-3.823070973497952330e-02
-3.719684844317722172e-02
-3.535879438960108645e-02
-3.295254056705271273e-02
-3.028113417853549316e-02
-2.768181274733813590e-02
-2.548878029155272895e-02
-2.399262194977377916e-02
-2.340029329417222387e-02
-2.380238515310901387e-02
-2.515495907549483712e-02
-2.728120905104486349e-02
-2.989445294762914374e-02
-3.263940425323638705e-02
-3.514472566983439100e-02
-3.707730681179363663e-02
-3.818844811432849096e-02
-3.834439746970919050e-02
-3.753789692701978153e-02
-3.588211697441485992e-02
-3.359165811949346714e-02
-3.095570907527786519e-02
-2.830627497343257692e-02
-2.598203011211167035e-02
-2.428833635782826073e-02
-2.345654135375018629e-02
-2.360871685507692080e-02
-2.473523805118022639e-02
-2.669118211820487724e-02
-2.921409313335651681e-02
-3.196120304239002952e-02
-3.455999466843356904e-02
-3.666300220096126855e-02
-3.799685615158493457e-02
-3.839723217333861072e-02
-3.782519186169616687e-02
-3.636516826040801786e-02
-3.420868488702745458e-02
-3.162908995168937920e-02
-2.895089879935142108e-02
-2.651474267763398451e-02
-2.463818342298185193e-02
-2.357471592426194085e-02
-2.347645664256529929e-02
-2.436785146375698013e-02
-2.613697564750623592e-02
