-2.067945688391491510e-01
-4.213653697993562097e-02
-4.427574575774834154e-02
-4.751505838719338737e-02
-5.049536993082827385e-02
-5.259733346203346316e-02
-5.348715452530286574e-02
-5.304143156265937742e-02
-5.132393780025459873e-02
-4.856017554990442464e-02
-4.510257658096447630e-02
-4.138799273954826830e-02
-3.788889253435231974e-02
-3.505901929632321279e-02
-3.327628277709741844e-02
-3.278944693362891016e-02
-3.367796178167981047e-02
-3.583407028799492910e-02
-3.897290664246767788e-02
-4.267095608422263875e-02
-4.642723054169912988e-02
-4.973666589271598382e-02
-5.216258251881210339e-02
-5.339559494131854156e-02
-5.329007257321513591e-02
-5.187504815959219362e-02
-4.934227351461707711e-02
-4.601758259386823369e-02
-4.232154754888944881e-02
-3.872275216028779610e-02
-3.568493373136591429e-02
-3.361020120244762044e-02
-3.278400253340867099e-02
-3.333075855434648738e-02
-3.518968891577603508e-02
-3.811763812967096376e-02
-4.172074751957126348e-02
-4.551076737504920755e-02
-4.897657785426834387e-02
-5.165814471275123609e-02
-5.320984480075578726e-02
-5.344307630734460024e-02
-5.234350712196772504e-02
-5.006434386544318660e-02
-4.690123859000483453e-02
-4.325519081629954077e-02
-3.958750941442971960e-02
-3.636837619530605692e-02
-3.402066872139231091e-02
-3.286374864522807748e-02
-3.306550165247160167e-02
-3.461231779374471240e-02
-3.730477482510029252e-02
-4.078225382335336213e-02
-4.457379524070290144e-02
-4.816693009530875758e-02
-5.108229750594783791e-02
-5.294074203258294919e-02
-5.351177848758277567e-02
-5.273727482836179647e-02
-5.073030284296986547e-02
-4.775400372788732306e-02
-4.418698983731694785e-02
-4.048007752604505793e-02
-3.710635976198134456e-02
-3.450592535416037443e-02
-3.302899852785746992e-02
-3.288500814289102570e-02
-3.410722192665460728e-02
-3.654149637195490408e-02
