-1.114548789098243065e+00
-1.671325090459744978e+00
-2.170894692054547104e+00
-2.594264630349544465e+00
-2.930170477665815731e+00
-3.172559982293838843e+00
-3.318749482869057132e+00
-3.367321370168257832e+00
-3.316260760419905029e+00
-3.162439939820600898e+00
-2.903386210880867235e+00
-2.540684020300701285e+00
-2.082732419872313834e+00
-1.545163289864381673e+00
-9.492158046719378905e-01
-3.193768733227470014e-01
3.187662215898038887e-01
9.402189410056092100e-01
1.521943421911833960e+00
2.044037936058503480e+00
2.490720975646444124e+00
2.850909813411160787e+00
3.118072828344910175e+00
3.289157406242608328e+00
3.362767666556216728e+00
3.337235356072042247e+00
3.209682885922040541e+00
2.977212661995269904e+00
2.640084393317824851e+00
2.204864265708102788e+00
1.685477563281444047e+00
1.101983076416648499e+00
4.782799006831975897e-01
-1.601393817677905229e-01
-7.879908027593148789e-01
-1.381628145545077846e+00
-1.920261845157290148e+00
-2.387004060491104251e+00
-2.769577218096845872e+00
-3.060375949810594243e+00
-3.255627069309117605e+00
-3.353712852223759366e+00
-3.353182001247549060e+00
-3.251443445153654022e+00
-3.045361158864080320e+00
-2.734063432317886733e+00
-2.322338857615414032e+00
-1.822314077715203817e+00
-1.252711579591456292e+00
-6.366948851492842953e-01
4.546962203123144919e-04
6.332556845753325447e-01
1.237531942184154854e+00
1.791673678278996151e+00
2.277733245597622247e+00
2.682243467115417612e+00
2.996472049224164991e+00
3.215817398094143353e+00
3.338310508958255429e+00
3.362628826919095371e+00
3.286502931336028333e+00
3.106743594227678429e+00
2.821573950570932077e+00
2.434113683743365453e+00
1.954638604848295991e+00
1.400393784440037592e+00
7.936594163980844607e-01
1.593861125948605184e-01
-4.768402215716274206e-01
