4.649625294271843290e-02
3.691395310796451862e-02
8.239961833487251947e-03
-3.730132893569478719e-02
-9.247093635884356955e-02
-1.485514477829150692e-01
-1.979828223174123769e-01
-2.359665277174534948e-01
-2.604893998745960171e-01
-2.708825523805091229e-01
-2.661933408904600951e-01
-2.450674287781621774e-01
-2.073741816970950114e-01
-1.560133355487254292e-01
-9.739562970594191349e-02
-4.039530271266990324e-02
5.562666100443598716e-03
3.256524297510014765e-02
3.594004760244638719e-02
1.531837031180605276e-02
-2.523970784528118544e-02
-7.822057144867963774e-02
-1.345986109818995968e-01
-1.861559687982808908e-01
-2.272566012596485274e-01
-2.552422463962948918e-01
-2.692643364954942498e-01
-2.685209505035988098e-01
-2.516494956418868778e-01
-2.180133103314590426e-01
-1.696413692047171740e-01
-1.121124049362570152e-01
-5.384408504253547501e-02
-4.321783462586071059e-03
2.798138559448938925e-02
3.745171891379685952e-02
2.259193210988639719e-02
-1.359730479200019215e-02
-6.431482474421672257e-02
-1.206957277193103362e-01
-1.741157795981728151e-01
-2.181925910726682794e-01
-2.495788481578246065e-01
-2.671446995127362833e-01
-2.702070641442976817e-01
-2.574891977957970424e-01
-2.279829242177037751e-01
-1.829060363988032067e-01
-1.269582642921497084e-01
-6.798604285735623809e-02
-1.540218467244559158e-02
2.187759081963225674e-02
3.737832869135006286e-02
2.849888206520514999e-02
-2.863641592034050359e-03
-5.073195851080291446e-02
-1.065508039476436020e-01
-1.614194064379498861e-01
-2.082605589704479843e-01
-2.429830679602964782e-01
-2.640550168489319560e-01
-2.708394915324578434e-01
-2.622040356547084006e-01
-2.369014520660026046e-01
-1.954211623764404437e-01
-1.415603836691809725e-01
-8.249118880807297660e-02
-2.742168603330636181e-02
1.441344234755565640e-02
